Metric Type,Ticker,Use SMA,Short Window,Long Window,Signal Entry,Total Trades,Win Rate [%],Profit Factor,Trades Per Day,Expectancy per Trade,Expectancy Adjusted,Trades per Month,Signals per Month,Expectancy per Month,Sortino Ratio,Signal Window,Start,End,Period,Start Value,End Value,Total Return [%],Benchmark Return [%],Max Gross Exposure [%],Total Fees Paid,Max Drawdown [%],Max Drawdown Duration,Total Closed Trades,Total Open Trades,Open Trade PnL,Best Trade [%],Worst Trade [%],Avg Winning Trade [%],Avg Losing Trade [%],Avg Winning Trade Duration,Avg Losing Trade Duration,Expectancy,Sharpe Ratio,Calmar Ratio,Omega Ratio,Skew,Kurtosis,Tail Ratio,Common Sense Ratio,Value at Risk,Alpha,Beta,Daily Returns,Annual Returns,Cumulative Returns,Annualized Return,Annualized Volatility,Beats BNH [%],Avg Trade Duration
Median Total Trades,CCL,false,36,75,false,57,42.10526315789473,1.1555716323676917,0.0060050568900126425,3.5924951205101587,1.5881356215185818,0.1261061946902655,0.252212389380531,0.4530358890908829,0.3675642182869952,0,0,9492,9493 days 00:00:00,1000.0,2263.4874389361794,126.34874389361796,404.63494194878916,100.0,248.06407801150235,64.08479449067342,6532 days 00:00:00,57,0,0.0,133.14478260869566,-36.41782016523478,22.682555311782462,-10.29118501859697,182 days 05:00:00,34 days 10:10:54.545454545,22.166446297125958,0.2570249583922174,0.04979035443282856,1.0520147682103276,-0.5981877089356604,24.51584407276725,1.0762454346566368,0.3781939605110336,-0.024181719994068943,None,None,0.00021469223748942856,0.054102443847336,1.263487438936166,0.02192234436627949,0.25333065573318453,-0.6877463343004897,96 days 15:34:44.210526315
Median Worst Trade [%],CCL,false,36,75,false,57,42.10526315789473,1.1555716323676917,0.0060050568900126425,3.5924951205101587,1.5881356215185818,0.1261061946902655,0.252212389380531,0.4530358890908829,0.3675642182869952,0,0,9492,9493 days 00:00:00,1000.0,2263.4874389361794,126.34874389361796,404.63494194878916,100.0,248.06407801150235,64.08479449067342,6532 days 00:00:00,57,0,0.0,133.14478260869566,-36.41782016523478,22.682555311782462,-10.29118501859697,182 days 05:00:00,34 days 10:10:54.545454545,22.166446297125958,0.2570249583922174,0.04979035443282856,1.0520147682103276,-0.5981877089356604,24.51584407276725,1.0762454346566368,0.3781939605110336,-0.024181719994068943,None,None,0.00021469223748942856,0.054102443847336,1.263487438936166,0.02192234436627949,0.25333065573318453,-0.6877463343004897,96 days 15:34:44.210526315
Least Max Drawdown Duration,CCL,false,36,75,false,57,42.10526315789473,1.1555716323676917,0.0060050568900126425,3.5924951205101587,1.5881356215185818,0.1261061946902655,0.252212389380531,0.4530358890908829,0.3675642182869952,0,0,9492,9493 days 00:00:00,1000.0,2263.4874389361794,126.34874389361796,404.63494194878916,100.0,248.06407801150235,64.08479449067342,6532 days 00:00:00,57,0,0.0,133.14478260869566,-36.41782016523478,22.682555311782462,-10.29118501859697,182 days 05:00:00,34 days 10:10:54.545454545,22.166446297125958,0.2570249583922174,0.04979035443282856,1.0520147682103276,-0.5981877089356604,24.51584407276725,1.0762454346566368,0.3781939605110336,-0.024181719994068943,None,None,0.00021469223748942856,0.054102443847336,1.263487438936166,0.02192234436627949,0.25333065573318453,-0.6877463343004897,96 days 15:34:44.210526315
Most Total Return [%],CCL,false,32,74,false,60,38.333333333333336,1.1838997854347535,0.006321112515802781,3.576236650947031,1.5150753908966976,0.13274336283185842,0.26548672566371684,0.47472167932925197,0.3762539570400287,0,0,9492,9493 days 00:00:00,1000.0,2377.8465171868165,137.78465171868166,404.63494194878916,100.0,243.1280505405919,64.57426529442448,6532 days 00:00:00,60,0,0.0,141.39739130434785,-36.417820165234765,24.063161373877346,-9.158878717361004,187 days 00:00:00,32 days 08:25:56.756756757,22.96410861978022,0.2632673981097518,0.052444240339327146,1.0534146141114256,-0.6067426173788215,24.529975510715875,1.0785345010633194,0.3771942550413463,-0.024181719994068884,None,None,0.0002199662630209481,0.055431498281278926,1.3778465171868093,0.02326030962128245,0.2533994675646702,-0.6594840498571678,91 days 15:12:00
Most Profit Factor,CCL,false,32,74,false,60,38.333333333333336,1.1838997854347535,0.006321112515802781,3.576236650947031,1.5150753908966976,0.13274336283185842,0.26548672566371684,0.47472167932925197,0.3762539570400287,0,0,9492,9493 days 00:00:00,1000.0,2377.8465171868165,137.78465171868166,404.63494194878916,100.0,243.1280505405919,64.57426529442448,6532 days 00:00:00,60,0,0.0,141.39739130434785,-36.417820165234765,24.063161373877346,-9.158878717361004,187 days 00:00:00,32 days 08:25:56.756756757,22.96410861978022,0.2632673981097518,0.052444240339327146,1.0534146141114256,-0.6067426173788215,24.529975510715875,1.0785345010633194,0.3771942550413463,-0.024181719994068884,None,None,0.0002199662630209481,0.055431498281278926,1.3778465171868093,0.02326030962128245,0.2533994675646702,-0.6594840498571678,91 days 15:12:00
Most Expectancy,CCL,false,32,74,false,60,38.333333333333336,1.1838997854347535,0.006321112515802781,3.576236650947031,1.5150753908966976,0.13274336283185842,0.26548672566371684,0.47472167932925197,0.3762539570400287,0,0,9492,9493 days 00:00:00,1000.0,2377.8465171868165,137.78465171868166,404.63494194878916,100.0,243.1280505405919,64.57426529442448,6532 days 00:00:00,60,0,0.0,141.39739130434785,-36.417820165234765,24.063161373877346,-9.158878717361004,187 days 00:00:00,32 days 08:25:56.756756757,22.96410861978022,0.2632673981097518,0.052444240339327146,1.0534146141114256,-0.6067426173788215,24.529975510715875,1.0785345010633194,0.3771942550413463,-0.024181719994068884,None,None,0.0002199662630209481,0.055431498281278926,1.3778465171868093,0.02326030962128245,0.2533994675646702,-0.6594840498571678,91 days 15:12:00
Most Sharpe Ratio,CCL,false,32,74,false,60,38.333333333333336,1.1838997854347535,0.006321112515802781,3.576236650947031,1.5150753908966976,0.13274336283185842,0.26548672566371684,0.47472167932925197,0.3762539570400287,0,0,9492,9493 days 00:00:00,1000.0,2377.8465171868165,137.78465171868166,404.63494194878916,100.0,243.1280505405919,64.57426529442448,6532 days 00:00:00,60,0,0.0,141.39739130434785,-36.417820165234765,24.063161373877346,-9.158878717361004,187 days 00:00:00,32 days 08:25:56.756756757,22.96410861978022,0.2632673981097518,0.052444240339327146,1.0534146141114256,-0.6067426173788215,24.529975510715875,1.0785345010633194,0.3771942550413463,-0.024181719994068884,None,None,0.0002199662630209481,0.055431498281278926,1.3778465171868093,0.02326030962128245,0.2533994675646702,-0.6594840498571678,91 days 15:12:00
Most Calmar Ratio,CCL,false,32,74,false,60,38.333333333333336,1.1838997854347535,0.006321112515802781,3.576236650947031,1.5150753908966976,0.13274336283185842,0.26548672566371684,0.47472167932925197,0.3762539570400287,0,0,9492,9493 days 00:00:00,1000.0,2377.8465171868165,137.78465171868166,404.63494194878916,100.0,243.1280505405919,64.57426529442448,6532 days 00:00:00,60,0,0.0,141.39739130434785,-36.417820165234765,24.063161373877346,-9.158878717361004,187 days 00:00:00,32 days 08:25:56.756756757,22.96410861978022,0.2632673981097518,0.052444240339327146,1.0534146141114256,-0.6067426173788215,24.529975510715875,1.0785345010633194,0.3771942550413463,-0.024181719994068884,None,None,0.0002199662630209481,0.055431498281278926,1.3778465171868093,0.02326030962128245,0.2533994675646702,-0.6594840498571678,91 days 15:12:00
Most Omega Ratio,CCL,false,32,74,false,60,38.333333333333336,1.1838997854347535,0.006321112515802781,3.576236650947031,1.5150753908966976,0.13274336283185842,0.26548672566371684,0.47472167932925197,0.3762539570400287,0,0,9492,9493 days 00:00:00,1000.0,2377.8465171868165,137.78465171868166,404.63494194878916,100.0,243.1280505405919,64.57426529442448,6532 days 00:00:00,60,0,0.0,141.39739130434785,-36.417820165234765,24.063161373877346,-9.158878717361004,187 days 00:00:00,32 days 08:25:56.756756757,22.96410861978022,0.2632673981097518,0.052444240339327146,1.0534146141114256,-0.6067426173788215,24.529975510715875,1.0785345010633194,0.3771942550413463,-0.024181719994068884,None,None,0.0002199662630209481,0.055431498281278926,1.3778465171868093,0.02326030962128245,0.2533994675646702,-0.6594840498571678,91 days 15:12:00
Most Sortino Ratio,CCL,false,32,74,false,60,38.333333333333336,1.1838997854347535,0.006321112515802781,3.576236650947031,1.5150753908966976,0.13274336283185842,0.26548672566371684,0.47472167932925197,0.3762539570400287,0,0,9492,9493 days 00:00:00,1000.0,2377.8465171868165,137.78465171868166,404.63494194878916,100.0,243.1280505405919,64.57426529442448,6532 days 00:00:00,60,0,0.0,141.39739130434785,-36.417820165234765,24.063161373877346,-9.158878717361004,187 days 00:00:00,32 days 08:25:56.756756757,22.96410861978022,0.2632673981097518,0.052444240339327146,1.0534146141114256,-0.6067426173788215,24.529975510715875,1.0785345010633194,0.3771942550413463,-0.024181719994068884,None,None,0.0002199662630209481,0.055431498281278926,1.3778465171868093,0.02326030962128245,0.2533994675646702,-0.6594840498571678,91 days 15:12:00
Least Max Drawdown [%],CCL,false,33,75,false,59,38.983050847457626,1.1561825322751873,0.006215760640539402,3.522665088475766,1.4923797575049293,0.13053097345132744,0.2610619469026549,0.4598169031417483,0.3715886295788222,0,0,9492,9493 days 00:00:00,1000.0,2313.044433963233,131.30444339632334,404.63494194878916,100.0,267.60691469579007,62.71677141240305,6532 days 00:00:00,59,0,0.0,132.7104347826087,-36.41782016523477,23.904787004822428,-9.499246135856824,187 days 14:36:31.304347826,33 days 02:00:00,22.254990406156452,0.25984205618119877,0.05224711902026194,1.0526644131363068,-0.5972999525731442,24.39142477207972,1.0797803361198324,0.37739408009286124,-0.024193548387096767,None,None,0.00021743351730460185,0.05479324636075967,1.3130444339632281,0.022510043768408927,0.2537837145073566,-0.6754989997553368,93 days 07:43:43.728813559
Median Win Rate [%],CCL,false,33,75,false,59,38.983050847457626,1.1561825322751873,0.006215760640539402,3.522665088475766,1.4923797575049293,0.13053097345132744,0.2610619469026549,0.4598169031417483,0.3715886295788222,0,0,9492,9493 days 00:00:00,1000.0,2313.044433963233,131.30444339632334,404.63494194878916,100.0,267.60691469579007,62.71677141240305,6532 days 00:00:00,59,0,0.0,132.7104347826087,-36.41782016523477,23.904787004822428,-9.499246135856824,187 days 14:36:31.304347826,33 days 02:00:00,22.254990406156452,0.25984205618119877,0.05224711902026194,1.0526644131363068,-0.5972999525731442,24.39142477207972,1.0797803361198324,0.37739408009286124,-0.024193548387096767,None,None,0.00021743351730460185,0.05479324636075967,1.3130444339632281,0.022510043768408927,0.2537837145073566,-0.6754989997553368,93 days 07:43:43.728813559
Mean Total Trades,CCL,false,31,89,false,56,42.857142857142854,1.1370432973671767,0.0058997050147492625,3.3331283223269708,1.4734772469303241,0.12389380530973451,0.24778761061946902,0.41295395143873975,0.3497811409314792,0,0,9492,9493 days 00:00:00,1000.0,2058.7299397089137,105.87299397089134,404.63494194878916,100.0,244.33093551093484,71.05781634402403,6532 days 00:00:00,56,0,0.0,127.54823008849559,-35.384904708329046,21.23975206293042,-10.096839483125617,181 days 04:00:00,36 days 17:15:00,18.9058917805163,0.24455346409802478,0.039619702591532226,1.049145068285343,-0.5865067897378942,24.376043639948758,1.075303269067301,0.37859424920127793,-0.02418171999406896,None,None,0.00020270288967289614,0.051081128197569825,1.0587299397089067,0.019353386888979474,0.25138121649057343,-0.7383493539609076,98 days 14:59:59.999999999
Most Win Rate [%],CCL,false,31,89,false,56,42.857142857142854,1.1370432973671767,0.0058997050147492625,3.3331283223269708,1.4734772469303241,0.12389380530973451,0.24778761061946902,0.41295395143873975,0.3497811409314792,0,0,9492,9493 days 00:00:00,1000.0,2058.7299397089137,105.87299397089134,404.63494194878916,100.0,244.33093551093484,71.05781634402403,6532 days 00:00:00,56,0,0.0,127.54823008849559,-35.384904708329046,21.23975206293042,-10.096839483125617,181 days 04:00:00,36 days 17:15:00,18.9058917805163,0.24455346409802478,0.039619702591532226,1.049145068285343,-0.5865067897378942,24.376043639948758,1.075303269067301,0.37859424920127793,-0.02418171999406896,None,None,0.00020270288967289614,0.051081128197569825,1.0587299397089067,0.019353386888979474,0.25138121649057343,-0.7383493539609076,98 days 14:59:59.999999999
Most Avg Losing Trade [%],CCL,false,32,82,false,63,38.095238095238095,1.1693781618797492,0.00663716814159292,3.236743633684579,1.430868432647447,0.13938053097345132,0.27876106194690264,0.45113904628789486,0.3657651397173051,0,0,9492,9493 days 00:00:00,1000.0,2234.8079374815798,123.48079374815795,404.63494194878916,100.0,244.22710714579313,72.82744334256195,6532 days 00:00:00,63,0,0.0,134.1633187772926,-36.417820165234765,22.890435264730357,-8.857835831574361,178 days 12:00:00,31 days 11:04:36.923076923,19.600125991771037,0.25497482442060243,0.04311869195021142,1.0514367462595111,-0.5442526012438917,24.491494168159846,1.0821710511501796,0.3771942550413463,-0.024193548387096774,None,None,0.00021157444321230883,0.05331675968950182,1.2348079374815852,0.021576483869148344,0.2516590818908759,-0.6948340814229885,87 days 11:25:42.857142857
Most Total Fees Paid,CCL,false,32,78,false,61,39.34426229508197,1.1120500719135848,0.006426464391066161,3.185900873602086,1.4083923552486657,0.13495575221238937,0.26991150442477874,0.42995564887107796,0.3450807625052937,0,0,9492,9493 days 00:00:00,1000.0,2002.235788502706,100.2235788502706,404.63494194878916,100.0,281.4451801698289,66.79595821463977,6532 days 00:00:00,61,0,0.0,133.72707423580786,-36.41782016523478,22.898282223401225,-9.60050865059195,181 days 17:00:00,30 days 23:21:04.864864865,16.430094893487052,0.24165989630033965,0.040501728557084435,1.048894677519611,-0.6029655067046146,24.42512835580779,1.076306221743805,0.377593963140328,-0.024217267493335692,None,None,0.00020213790819455062,0.050938752865026755,1.0022357885026976,0.018600735918953504,0.2536821355187561,-0.7523111119183697,90 days 06:41:18.688524589
Mean Win Rate [%],CCL,false,32,78,false,61,39.34426229508197,1.1120500719135848,0.006426464391066161,3.185900873602086,1.4083923552486657,0.13495575221238937,0.26991150442477874,0.42995564887107796,0.3450807625052937,0,0,9492,9493 days 00:00:00,1000.0,2002.235788502706,100.2235788502706,404.63494194878916,100.0,281.4451801698289,66.79595821463977,6532 days 00:00:00,61,0,0.0,133.72707423580786,-36.41782016523478,22.898282223401225,-9.60050865059195,181 days 17:00:00,30 days 23:21:04.864864865,16.430094893487052,0.24165989630033965,0.040501728557084435,1.048894677519611,-0.6029655067046146,24.42512835580779,1.076306221743805,0.377593963140328,-0.024217267493335692,None,None,0.00020213790819455062,0.050938752865026755,1.0022357885026976,0.018600735918953504,0.2536821355187561,-0.7523111119183697,90 days 06:41:18.688524589
Mean Best Trade [%],CCL,false,39,84,false,51,39.21568627450981,1.1161194543993065,0.005372945638432364,3.783756036770396,1.3939053368098715,0.11283185840707964,0.22566371681415928,0.42692822538781017,0.33236597929797784,0,0,9492,9493 days 00:00:00,1000.0,1859.8345773549656,85.98345773549656,404.63494194878916,100.0,218.48283672951828,71.88708103844536,6532 days 00:00:00,51,0,0.0,127.99026548672569,-37.45912207788915,25.583182041667836,-10.280389772840858,213 days 10:48:00,41 days 01:32:54.193548387,16.859501516764,0.23189377742862383,0.033586323283619865,1.046405328123737,-0.546248440828963,24.010444514552766,1.0842223603588952,0.37739408009286124,-0.024307433625693643,None,None,0.00019302990910885037,0.048643537095430296,0.8598345773549538,0.01660778656691142,0.25245397528802443,-0.7875036265494376,108 days 16:00:00.000000001
Median Max Drawdown [%],CCL,false,37,88,false,50,40.0,1.1105710088547376,0.005267593763168985,3.7630047297060623,1.3862607219399752,0.11061946902654868,0.22123893805309736,0.4162615851444759,0.32993576182950385,0,0,9492,9493 days 00:00:00,1000.0,1834.7397481618432,83.47397481618431,404.63494194878916,100.0,224.15193987960203,72.03455827289191,6532 days 00:00:00,50,0,0.0,122.09137931034482,-37.45912207788914,24.996665596805858,-10.392769181693803,213 days 15:36:00,42 days 08:48:00,16.694794963236887,0.23012937371771344,0.032775136398937574,1.0460418494651265,-0.5443279661287604,24.059150211351138,1.0846649331376919,0.3771942550413463,-0.02428738767627359,None,None,0.00019145535413938884,0.04824674924312599,0.8347397481618368,0.016241240387995015,0.2523144732208994,-0.7937054708766382,110 days 21:07:12
Mean Worst Trade [%],CCL,false,37,89,false,49,38.775510204081634,1.1080695820519868,0.005162241887905605,3.9060715681960847,1.3670171264639088,0.1084070796460177,0.2168141592920354,0.4234458115964782,0.3279025448912065,0,0,9492,9493 days 00:00:00,1000.0,1816.4840065851486,81.64840065851486,404.63494194878916,100.0,218.8792903392433,72.98977167736336,6532 days 00:00:00,49,0,0.0,122.09137931034482,-36.44309638266679,26.708144738047316,-10.53524143937636,225 days 03:47:22.105263160,42 days 07:12:00,16.66293890990093,0.22882583844020868,0.031807105546971595,1.0457620500235263,-0.54961119280493,24.104138150256976,1.0831250429748158,0.3777939042089986,-0.024287387676273513,None,None,0.0001902585205343504,0.047945147174656304,0.8164840065851455,0.015971509377613158,0.25216555066498575,-0.7982171280975326,113 days 04:53:52.653061224
Median Best Trade [%],CCL,false,47,53,false,62,38.70967741935484,1.1225787440400978,0.006531816266329541,3.055768547502667,1.3508647106292875,0.13716814159292035,0.2743362831858407,0.4191540927990383,0.33413918852404934,0,0,9492,9493 days 00:00:00,1000.0,1888.5422437621603,88.85422437621602,404.63494194878916,100.0,232.6823245368035,66.42719481848685,6532 days 00:00:00,62,0,0.0,131.70259740259743,-36.41782016523477,22.703407877469793,-9.35326681879236,178 days 19:00:00,31 days 05:41:03.157894737,14.33132651229296,0.23426218711213118,0.03725519433234517,1.0474358509217196,-0.6102901889201225,24.493879469155722,1.0757777564356505,0.3746017955401101,-0.02424025491682653,None,None,0.00019582297232330313,0.04934738902547239,0.8885422437621577,0.0170212450679752,0.2535176189442438,-0.7804089188435401,88 days 08:30:58.064516129
Mean Avg Winning Trade [%],CCL,false,35,74,false,59,38.983050847457626,1.1135228081753739,0.006215760640539402,3.1804247116879525,1.3473893602656644,0.13053097345132744,0.2610619469026549,0.41514393360528584,0.3339061879454498,0,0,9492,9493 days 00:00:00,1000.0,1880.886810235619,88.08868102356189,404.63494194878916,100.0,239.42746483130918,66.20039071109886,6532 days 00:00:00,59,0,0.0,140.09434782608696,-36.41782016523478,23.320102086040666,-9.686591388592948,187 days 12:31:18.260869566,32 days 23:20:00,14.93028491924781,0.23379532530137076,0.037141098128692804,1.047288213186067,-0.5964085242645784,24.422218954636026,1.0755170059943238,0.37659512761020886,-0.02421726749333579,None,None,0.00019560925781097658,0.0492935329683661,0.8808868102356293,0.01691159005763776,0.2537466308794257,-0.7823008546930916,93 days 05:17:17.288135594
Median Total Fees Paid,CCL,false,43,65,false,57,40.35087719298245,1.1186679031165414,0.0060050568900126425,3.1382945779065397,1.3295408968843325,0.1261061946902655,0.252212389380531,0.39575838703688665,0.3287024812587239,0,0,9492,9493 days 00:00:00,1000.0,1830.532312134483,83.0532312134483,404.63494194878916,100.0,214.20777450393894,66.24774625145513,6532 days 00:00:00,57,0,0.0,132.13506493506492,-36.41782016523478,22.429187918258375,-9.911427387625583,187 days 05:13:02.608695652,35 days 04:56:28.235294117,14.570742318148802,0.23020805686690424,0.03550169228473728,1.0464842924814892,-0.6044787621077194,24.575198343003283,1.0750943751792952,0.37659512761020886,-0.024181719994068974,None,None,0.0001921561954180099,0.04842336124533849,0.8305323121344657,0.016179307385844943,0.2531515407104168,-0.7947452812318923,96 days 13:03:09.473684209
Mean Calmar Ratio,CCL,false,29,86,false,61,39.34426229508197,1.0977716556479584,0.006426464391066161,2.987327803934008,1.320609086285065,0.13495575221238937,0.26991150442477874,0.40315707088489927,0.3157581019671426,0,0,9492,9493 days 00:00:00,1000.0,1710.2435694119924,71.02435694119924,404.63494194878916,100.0,221.49635426012833,72.51541643599097,6532 days 00:00:00,61,0,0.0,143.26872246696036,-35.38490470832905,22.809211597425513,-9.870110332384806,178 days 15:00:00,32 days 16:51:53.513513513,11.643337203475298,0.22086179901966768,0.028749271914850657,1.0444797345531462,-0.5700504267275636,24.67633667858693,1.0767665887897266,0.3748008689355539,-0.02419354838709684,None,None,0.00018284680476092898,0.046077394799754104,0.7102435694119875,0.014347417522110328,0.25108078206211704,-0.8244730012708884,90 days 02:45:14.754098360
Median Sharpe Ratio,CCL,false,29,89,false,59,40.67796610169492,1.0972206060944156,0.006215760640539402,2.983921428506145,1.319103228663612,0.13053097345132744,0.2610619469026549,0.38949416876518267,0.3133921058037499,0,0,9492,9493 days 00:00:00,1000.0,1692.8342871195805,69.28342871195805,404.63494194878916,100.0,216.1518893221474,72.57801643180053,6532 days 00:00:00,59,0,0.0,137.27300884955756,-35.38490470832906,22.136809246542033,-10.14948736100418,179 days 08:00:00,34 days 04:06:51.428571428,11.742954018975965,0.21943639606197013,0.02817124910897564,1.0441316495768331,-0.5970775761838581,24.667754735202635,1.0747584366736505,0.37539843523616345,-0.024181719994069012,None,None,0.0001813192538738193,0.04569245197620247,0.6928342871195645,0.014071951792026027,0.25060051774691905,-0.8287754676393553,93 days 05:17:17.288135592
Mean Sortino Ratio,CCL,false,38,63,false,62,38.70967741935484,1.0955336645417089,0.006531816266329541,2.9476649112651785,1.3030752969306372,0.13716814159292035,0.2743362831858407,0.40432571791690497,0.3141620584887461,0,0,9492,9493 days 00:00:00,1000.0,1689.6697475778888,68.96697475778888,404.63494194878916,100.0,225.65648018634374,66.3647207220051,6532 days 00:00:00,62,0,0.0,140.35194805194806,-36.41782016523477,22.916793132319437,-9.664416070453301,178 days 19:00:00,31 days 06:56:50.526315789,11.123705606094987,0.2202384856927496,0.03069812053028898,1.0445304843045913,-0.6033085025028077,24.492156199627832,1.076060429264256,0.37400492111738315,-0.024274951604296244,None,None,0.00018411903919092666,0.04639799787611352,0.6896697475778877,0.014021583483035727,0.25354333014045305,-0.8295575403705067,88 days 09:17:25.161290322
Least Best Trade [%],CCL,false,63,73,false,42,38.095238095238095,1.1227018501621242,0.004424778761061947,4.369284197151326,1.287687366999838,0.09292035398230089,0.18584070796460178,0.40599543424857454,0.3281869343951595,0,0,9492,9493 days 00:00:00,1000.0,1785.895446030551,78.5895446030551,404.63494194878916,100.0,155.36415057092793,78.55452075001575,6532 days 00:00:00,42,0,0.0,97.98497854077253,-41.36401045699202,30.673495161663755,-11.817922550240937,269 days 01:30:00,49 days 15:41:32.307692307,18.711796334060665,0.22757925054675565,0.028703647848459593,1.0453997147755125,-0.4425187445113643,23.177316683313652,1.0878078164847442,0.37979651162790695,-0.02449534748831997,None,None,0.00019175017730299623,0.04832104468035505,0.7858954460305592,0.015513588214883134,0.25553465939918857,-0.8057766731055039,133 days 05:42:51.428571428
Least Worst Trade [%],CCL,false,63,73,false,42,38.095238095238095,1.1227018501621242,0.004424778761061947,4.369284197151326,1.287687366999838,0.09292035398230089,0.18584070796460178,0.40599543424857454,0.3281869343951595,0,0,9492,9493 days 00:00:00,1000.0,1785.895446030551,78.5895446030551,404.63494194878916,100.0,155.36415057092793,78.55452075001575,6532 days 00:00:00,42,0,0.0,97.98497854077253,-41.36401045699202,30.673495161663755,-11.817922550240937,269 days 01:30:00,49 days 15:41:32.307692307,18.711796334060665,0.22757925054675565,0.028703647848459593,1.0453997147755125,-0.4425187445113643,23.177316683313652,1.0878078164847442,0.37979651162790695,-0.02449534748831997,None,None,0.00019175017730299623,0.04832104468035505,0.7858954460305592,0.015513588214883134,0.25553465939918857,-0.8057766731055039,133 days 05:42:51.428571428
Mean Omega Ratio,CCL,false,50,65,false,55,40.0,1.1040490909316178,0.005794353139485883,3.153393933667534,1.2778535004731213,0.12168141592920353,0.24336283185840707,0.38370943883122643,0.31575247129633854,0,0,9492,9493 days 00:00:00,1000.0,1694.0132496697538,69.40132496697538,404.63494194878916,100.0,201.95409428722692,71.62514790717579,6532 days 00:00:00,55,0,0.0,132.7104347826087,-37.45912207788914,22.972085887618572,-10.059067368966494,195 days 10:54:32.727272728,37 days 01:27:16.363636364,12.618422721268246,0.22039960724367733,0.02858416431401988,1.0441275112142712,-0.541273934910854,23.722703437515015,1.0811447486060757,0.3761959988402435,-0.02439024390243909,None,None,0.00018415972233747855,0.0464082500290446,0.6940132496697631,0.014090693286541445,0.25341396136807975,-0.8284841031455982,100 days 10:02:10.909090910
Least Total Trades,CCL,false,87,89,false,35,38.23529411764706,1.0901496347102537,0.0035819637589549094,5.305544124384993,1.2704379004789998,0.07743362831858407,0.15265486725663716,0.4108275317554751,0.33680071189470806,0,0,9492,9493 days 00:00:00,1000.0,1884.066736842583,88.4066736842583,404.63494194878916,100.0,147.681941678066,76.49781983452675,6532 days 00:00:00,34,1,315.1303120089797,148.60937500000003,-29.249992682878357,34.06976124932321,-12.500876000576755,308 days 18:27:41.538461540,63 days 20:34:17.142857143,16.733424259811812,0.23384653510245232,0.03222850130198151,1.0469884973105485,-0.4750535140078634,23.439800150720913,1.081230137276461,0.37699448796054547,-0.024202522004371344,None,None,0.00019579801458048538,0.04934109967428232,0.8840667368425894,0.016957191393763393,0.25393586705910826,-0.7815149792588918,157 days 12:00:00
Most Best Trade [%],CCL,false,87,89,false,35,38.23529411764706,1.0901496347102537,0.0035819637589549094,5.305544124384993,1.2704379004789998,0.07743362831858407,0.15265486725663716,0.4108275317554751,0.33680071189470806,0,0,9492,9493 days 00:00:00,1000.0,1884.066736842583,88.4066736842583,404.63494194878916,100.0,147.681941678066,76.49781983452675,6532 days 00:00:00,34,1,315.1303120089797,148.60937500000003,-29.249992682878357,34.06976124932321,-12.500876000576755,308 days 18:27:41.538461540,63 days 20:34:17.142857143,16.733424259811812,0.23384653510245232,0.03222850130198151,1.0469884973105485,-0.4750535140078634,23.439800150720913,1.081230137276461,0.37699448796054547,-0.024202522004371344,None,None,0.00019579801458048538,0.04934109967428232,0.8840667368425894,0.016957191393763393,0.25393586705910826,-0.7815149792588918,157 days 12:00:00
Most Worst Trade [%],CCL,false,87,89,false,35,38.23529411764706,1.0901496347102537,0.0035819637589549094,5.305544124384993,1.2704379004789998,0.07743362831858407,0.15265486725663716,0.4108275317554751,0.33680071189470806,0,0,9492,9493 days 00:00:00,1000.0,1884.066736842583,88.4066736842583,404.63494194878916,100.0,147.681941678066,76.49781983452675,6532 days 00:00:00,34,1,315.1303120089797,148.60937500000003,-29.249992682878357,34.06976124932321,-12.500876000576755,308 days 18:27:41.538461540,63 days 20:34:17.142857143,16.733424259811812,0.23384653510245232,0.03222850130198151,1.0469884973105485,-0.4750535140078634,23.439800150720913,1.081230137276461,0.37699448796054547,-0.024202522004371344,None,None,0.00019579801458048538,0.04934109967428232,0.8840667368425894,0.016957191393763393,0.25393586705910826,-0.7815149792588918,157 days 12:00:00
Most Avg Winning Trade [%],CCL,false,87,89,false,35,38.23529411764706,1.0901496347102537,0.0035819637589549094,5.305544124384993,1.2704379004789998,0.07743362831858407,0.15265486725663716,0.4108275317554751,0.33680071189470806,0,0,9492,9493 days 00:00:00,1000.0,1884.066736842583,88.4066736842583,404.63494194878916,100.0,147.681941678066,76.49781983452675,6532 days 00:00:00,34,1,315.1303120089797,148.60937500000003,-29.249992682878357,34.06976124932321,-12.500876000576755,308 days 18:27:41.538461540,63 days 20:34:17.142857143,16.733424259811812,0.23384653510245232,0.03222850130198151,1.0469884973105485,-0.4750535140078634,23.439800150720913,1.081230137276461,0.37699448796054547,-0.024202522004371344,None,None,0.00019579801458048538,0.04934109967428232,0.8840667368425894,0.016957191393763393,0.25393586705910826,-0.7815149792588918,157 days 12:00:00
Most Avg Winning Trade Duration,CCL,false,87,89,false,35,38.23529411764706,1.0901496347102537,0.0035819637589549094,5.305544124384993,1.2704379004789998,0.07743362831858407,0.15265486725663716,0.4108275317554751,0.33680071189470806,0,0,9492,9493 days 00:00:00,1000.0,1884.066736842583,88.4066736842583,404.63494194878916,100.0,147.681941678066,76.49781983452675,6532 days 00:00:00,34,1,315.1303120089797,148.60937500000003,-29.249992682878357,34.06976124932321,-12.500876000576755,308 days 18:27:41.538461540,63 days 20:34:17.142857143,16.733424259811812,0.23384653510245232,0.03222850130198151,1.0469884973105485,-0.4750535140078634,23.439800150720913,1.081230137276461,0.37699448796054547,-0.024202522004371344,None,None,0.00019579801458048538,0.04934109967428232,0.8840667368425894,0.016957191393763393,0.25393586705910826,-0.7815149792588918,157 days 12:00:00
Most Avg Losing Trade Duration,CCL,false,87,89,false,35,38.23529411764706,1.0901496347102537,0.0035819637589549094,5.305544124384993,1.2704379004789998,0.07743362831858407,0.15265486725663716,0.4108275317554751,0.33680071189470806,0,0,9492,9493 days 00:00:00,1000.0,1884.066736842583,88.4066736842583,404.63494194878916,100.0,147.681941678066,76.49781983452675,6532 days 00:00:00,34,1,315.1303120089797,148.60937500000003,-29.249992682878357,34.06976124932321,-12.500876000576755,308 days 18:27:41.538461540,63 days 20:34:17.142857143,16.733424259811812,0.23384653510245232,0.03222850130198151,1.0469884973105485,-0.4750535140078634,23.439800150720913,1.081230137276461,0.37699448796054547,-0.024202522004371344,None,None,0.00019579801458048538,0.04934109967428232,0.8840667368425894,0.016957191393763393,0.25393586705910826,-0.7815149792588918,157 days 12:00:00
Most Max Drawdown Duration,CCL,false,63,83,false,42,40.476190476190474,1.054556314848564,0.004424778761061947,4.017603547128023,1.2580449493677732,0.09292035398230089,0.18584070796460178,0.3733171437596836,0.2759185333820643,0,0,9492,9493 days 00:00:00,1000.0,1344.8039590442272,34.48039590442272,404.63494194878916,100.0,154.46361356250108,84.36862372829818,6723 days 00:00:00,42,0,0.0,123.75968586387434,-40.411321468753194,28.22096240142037,-12.440680473790772,265 days 19:45:52.941176468,43 days 00:00:00,8.209618072481618,0.19172699342650348,0.01357813071305063,1.0380410291248499,-0.42755940308878965,23.050507716187184,1.0797533552090914,0.37979651162790695,-0.024536265559783135,None,None,0.00016105339022004178,0.04058545433545053,0.34480395904421357,0.0078951730033201,0.2547612153127273,-0.9147864103422225,133 days 04:34:17.142857141
Mean Total Return [%],CCL,false,43,66,false,58,39.6551724137931,1.0973021545572967,0.006110408765276022,2.9642981081130904,1.255827159451116,0.12831858407079647,0.25663716814159293,0.3803745359968125,0.315519049314184,0,0,9492,9493 days 00:00:00,1000.0,1700.216760188411,70.02167601884109,404.63494194878916,100.0,224.51633908308688,69.75978280589896,6532 days 00:00:00,58,0,0.0,132.13506493506495,-36.41782016523478,22.191840855443967,-9.670944268704343,188 days 02:05:13.043478260,33 days 14:24:00,12.07270276186918,0.22106521415088257,0.02955410968276345,1.0446005026604601,-0.6006525232106871,24.410509985243625,1.073974861941751,0.37639553429027117,-0.024202522004371254,None,None,0.00018491101780942354,0.04659757648797473,0.7002167601884086,0.014189099305130792,0.253681666740692,-0.8269509902392387,94 days 20:41:22.758620689
Median Profit Factor,CCL,false,43,66,false,58,39.6551724137931,1.0973021545572967,0.006110408765276022,2.9642981081130904,1.255827159451116,0.12831858407079647,0.25663716814159293,0.3803745359968125,0.315519049314184,0,0,9492,9493 days 00:00:00,1000.0,1700.216760188411,70.02167601884109,404.63494194878916,100.0,224.51633908308688,69.75978280589896,6532 days 00:00:00,58,0,0.0,132.13506493506495,-36.41782016523478,22.191840855443967,-9.670944268704343,188 days 02:05:13.043478260,33 days 14:24:00,12.07270276186918,0.22106521415088257,0.02955410968276345,1.0446005026604601,-0.6006525232106871,24.410509985243625,1.073974861941751,0.37639553429027117,-0.024202522004371254,None,None,0.00018491101780942354,0.04659757648797473,0.7002167601884086,0.014189099305130792,0.253681666740692,-0.8269509902392387,94 days 20:41:22.758620689
Least Avg Winning Trade [%],CCL,false,36,78,false,58,41.37931034482759,1.1029974355847936,0.006110408765276022,2.8402179852984943,1.2555761953796991,0.12831858407079647,0.25663716814159293,0.364452750325913,0.3124692687297702,0,0,9492,9493 days 00:00:00,1000.0,1674.0741472674877,67.40741472674877,404.63494194878916,100.0,207.98952591644453,71.2781013428452,6532 days 00:00:00,58,0,0.0,124.56593886462886,-36.41782016523477,20.78915013329684,-9.829616472112102,182 days 07:00:00,33 days 18:21:10.588235294,11.621968056336016,0.21848888414810388,0.02807171944793366,1.0437884205052883,-0.5684253460584476,24.164780299728644,1.0762689668214405,0.3777939042089986,-0.02424025491682646,None,None,0.0001816120929828378,0.04576624743167512,0.6740741472674698,0.013772007328089142,0.2520937736709631,-0.8334117800056925,95 days 05:22:45.517241379
Most Total Trades,CCL,false,33,62,false,65,38.46153846153847,1.074443023392542,0.0068478718921196795,2.7144455962631895,1.2499749476253408,0.14380530973451328,0.28761061946902655,0.3903516897281135,0.3109013852188383,0,0,9492,9493 days 00:00:00,1000.0,1663.0770416942717,66.30770416942717,404.63494194878916,100.0,274.9086598207038,74.8098830560736,6532 days 00:00:00,65,0,0.0,117.43116883116882,-36.41782016523478,22.36551606996849,-9.567473449802627,171 days 15:21:35.999999998,29 days 08:24:00,10.201185256834947,0.2180844439311778,0.026400978413945307,1.0441222206846847,-0.6143260784339907,24.53786976047724,1.0761182080524523,0.3728127259580622,-0.024348101955506896,None,None,0.00018197211610825222,0.04585697325927956,0.6630770416942755,0.013594656408972394,0.25306195556935684,-0.8361295644659894,84 days 01:50:46.153846154
Median Total Return [%],CCL,false,64,73,false,42,38.095238095238095,1.1073458588751568,0.004424778761061947,4.240050538858706,1.2496004535225511,0.09292035398230089,0.18584070796460178,0.3939869969735966,0.31712918388342876,0,0,9492,9493 days 00:00:00,1000.0,1680.684352149021,68.0684352149021,404.63494194878916,100.0,151.4263987218595,79.63719282077638,6532 days 00:00:00,42,0,0.0,97.98497854077254,-41.364010456992,30.598396980792153,-11.980470348484952,269 days 00:00:00,49 days 12:55:23.076923077,16.20677028926238,0.2199697921977686,0.025319266901465694,1.0438738755418842,-0.4422075506831422,23.197808909573983,1.086668704922343,0.37919511840767106,-0.02449534748831997,None,None,0.0001853011309194167,0.04669588499169301,0.6806843521490202,0.013878065536817363,0.25548283573498914,-0.8317781581415753,133 days 03:25:42.857142857
Median Sortino Ratio,CCL,false,39,64,false,60,38.333333333333336,1.103108903965047,0.006321112515802781,2.9367979399997663,1.2441766922084108,0.13274336283185842,0.26548672566371684,0.38984043451324335,0.3134166066096623,0,0,9492,9493 days 00:00:00,1000.0,1685.8671415004915,68.58671415004915,404.63494194878916,100.0,201.90942958319548,67.79880664602406,6532 days 00:00:00,60,0,0.0,131.70259740259743,-36.417820165234794,23.34152305597035,-9.747220375333299,187 days 03:07:49.565217390,32 days 00:38:55.135135135,11.431119025008158,0.21993405396717178,0.02991842185816048,1.044436611734586,-0.6154432587339528,24.50746208730489,1.0730568353676146,0.37539843523616345,-0.024240254916826402,None,None,0.00018378168978674123,0.04631298582625879,0.6858671415004876,0.013960937794580186,0.25342908960388094,-0.8304973025321932,91 days 11:36:00
Least Win Rate [%],CCL,false,52,72,false,50,38.0,1.090594019724426,0.005267593763168985,3.5464431747062166,1.2411571250583555,0.11061946902654868,0.22123893805309736,0.3923056609188293,0.3187440583752659,0,0,9492,9493 days 00:00:00,1000.0,1705.6641341354732,70.56641341354732,404.63494194878916,100.0,226.61764800322572,76.51924470826718,6532 days 00:00:00,50,0,0.0,118.70752212389384,-37.45912207788915,25.778339562408032,-10.079557837111025,219 days 03:47:22.105263160,45 days 09:17:25.161290323,14.113282682709524,0.22168524652377364,0.027107453052246207,1.0442858172480698,-0.47121408344527455,23.508953854886666,1.085128284026951,0.37879448075526506,-0.02449534748831995,None,None,0.0001863650416658932,0.04696399049980508,0.7056641341354732,0.014275222976781077,0.2549613571583529,-0.8256047461603594,111 days 10:04:48.000000001
Mean Profit Factor,CCL,false,44,74,false,54,38.88888888888889,1.0987188823507372,0.005689001264222503,3.1961978711554853,1.2363263086068375,0.11946902654867257,0.23893805309734514,0.38184664832388543,0.3123841324365734,0,0,9492,9493 days 00:00:00,1000.0,1666.327735147358,66.6327735147358,404.63494194878916,100.0,202.36641328550115,74.11093878734154,6532 days 00:00:00,54,0,0.0,133.72707423580786,-37.45912207788915,23.789423549859098,-9.908582106201361,201 days 09:08:34.285714286,39 days 11:38:10.909090909,12.339402502728902,0.21825577318776146,0.0267532809191939,1.0436596225300014,-0.5506514895067107,23.792697305666376,1.0806033259823993,0.37699448796054547,-0.024390243902439067,None,None,0.00018220203494946266,0.04591491280726459,0.6663277351473407,0.01364719908409584,0.2531827924191215,-0.8353261999721989,102 days 10:40:00
Median Omega Ratio,CCL,false,42,68,false,57,40.35087719298245,1.095326738013714,0.0060050568900126425,2.890164061895434,1.2244202141019522,0.1261061946902655,0.252212389380531,0.3644675918761941,0.3109221927755072,0,0,9492,9493 days 00:00:00,1000.0,1656.5084296790365,65.65084296790364,404.63494194878916,100.0,212.15352347408805,68.7391761097845,6532 days 00:00:00,57,0,0.0,123.58913043478263,-36.41782016523478,21.853383644169195,-9.937896243760344,188 days 10:26:05.217391304,34 days 17:38:49.411764706,11.517691748754999,0.21789437637104622,0.028506865314701167,1.0438885467894354,-0.5990660522360179,24.28810562817203,1.0723618801824686,0.3777939042089986,-0.02424025491682642,None,None,0.00018248292301388525,0.04598569659949908,0.6565084296790265,0.013488178655964411,0.25399367962654174,-0.8377529072212145,96 days 18:06:18.947368421
Mean Sharpe Ratio,CCL,false,45,64,false,57,40.35087719298245,1.098532968561876,0.0060050568900126425,2.8834762420848374,1.2215869141269342,0.1261061946902655,0.252212389380531,0.36362421636910564,0.3134794165595478,0,0,9492,9493 days 00:00:00,1000.0,1680.4560875614313,68.04560875614312,404.63494194878916,100.0,215.0993535240527,69.47703567761646,6532 days 00:00:00,57,0,0.0,122.62077922077926,-36.41782016523478,21.584330125661694,-9.76710138504068,188 days 07:18:15.652173914,34 days 14:07:03.529411764,11.937826097568959,0.21966348123344343,0.029014228233023572,1.0442736176172969,-0.5999145230063443,24.32923580430748,1.073203090671727,0.37699448796054547,-0.024217267493335838,None,None,0.00018388690825752309,0.04633950088089582,0.6804560875614241,0.013874409892925987,0.2538865251057312,-0.8318345706170996,96 days 14:44:12.631578947
Mean Avg Losing Trade [%],CCL,false,43,75,false,54,38.88888888888889,1.0959905088649293,0.005689001264222503,3.149589560168386,1.2182976747750254,0.11946902654867257,0.23893805309734514,0.3762783987811789,0.3083645277033104,0,0,9492,9493 days 00:00:00,1000.0,1629.7047618740094,62.970476187400934,404.63494194878916,100.0,195.36339083518726,74.56908576107303,6532 days 00:00:00,54,0,0.0,133.7270742358079,-37.459122077889155,23.773683787007794,-9.974834038729423,201 days 08:00:00,39 days 10:54:32.727272727,11.661199293963136,0.21538677364463718,0.02542080657957983,1.0430903358429187,-0.5487828541942632,23.854707593673147,1.0816637843178565,0.37639553429027117,-0.02439024390243896,None,None,0.000179685967959822,0.045280863925875145,0.6297047618740159,0.013049385510614853,0.25301241691057647,-0.8443770676745694,102 days 09:46:40
Mean Total Fees Paid,CCL,false,45,77,false,52,38.46153846153847,1.0763181047493533,0.005478297513695744,3.284596340268209,1.2100189133424974,0.11504424778761062,0.23008849557522124,0.3778739152520948,0.2991360993383015,0,0,9492,9493 days 00:00:00,1000.0,1551.0908196101557,55.10908196101557,404.63494194878916,100.0,211.63087264166433,75.58537900919443,6532 days 00:00:00,52,0,0.0,126.98546255506609,-37.459122077889134,24.671527571957125,-10.08223567953737,210 days 06:00:00,42 days 02:15:00,10.59790037711835,0.20892841228063974,0.022518791863956958,1.0416346021341103,-0.5523706705962224,23.95862377557688,1.0861557576354197,0.37659512761020886,-0.024348101955506813,None,None,0.0001739072943384132,0.043824638173280125,0.5510908196101647,0.011720691494362168,0.2524451300334247,-0.8638054299126984,106 days 18:27:41.538461539
Mean Expectancy,CCL,false,58,82,false,42,38.095238095238095,1.078730721479293,0.004424778761061947,4.016358437154125,1.1836753544753362,0.09292035398230089,0.18584070796460178,0.37320144770016206,0.29879846155357703,0,0,9492,9493 days 00:00:00,1000.0,1522.4358257335589,52.24358257335589,404.63494194878916,100.0,157.48229863894716,82.49893436075689,6532 days 00:00:00,42,0,0.0,102.31746724890832,-40.41132146875319,30.12369668957585,-12.049695872028474,269 days 18:00:00,49 days 05:32:18.461538462,12.438948231751368,0.20767376690164546,0.019748147889596807,1.0413649094177135,-0.45890271507707725,23.193308986688155,1.0832108013001778,0.37979651162790695,-0.024495347488319864,None,None,0.0001750128310854801,0.044103233433540986,0.5224358257335588,0.01122001624133584,0.2555847589485405,-0.8708871203219819,133 days 05:42:51.428571428
Median Expectancy,CCL,false,42,71,false,57,38.59649122807017,1.1042871646939771,0.0060050568900126425,2.9030696804913134,1.1764143114903094,0.1261061946902655,0.252212389380531,0.36609507032744437,0.3148666445174918,0,0,9492,9493 days 00:00:00,1000.0,1696.1819434634879,69.61819434634879,404.63494194878916,100.0,212.02262584917582,68.1325318846376,6532 days 00:00:00,57,0,0.0,123.58913043478262,-36.41782016523478,22.62787185557049,-9.495377400987026,192 days 00:00:00,36 days 20:34:17.142857142,12.213718306376975,0.22013713164180282,0.030123128541548805,1.044139392503849,-0.5674969851721963,24.179352781725594,1.0754756266767287,0.37699448796054547,-0.024240254916826444,None,None,0.00018295494985257895,0.046104647362849895,0.6961819434635013,0.014125135005579548,0.2520563036160278,-0.8279481400912734,96 days 17:41:03.157894736
Median Calmar Ratio,CCL,false,40,73,false,57,38.59649122807017,1.1024003520867993,0.0060050568900126425,2.8603380875501543,1.1590981382594105,0.1261061946902655,0.252212389380531,0.3607063517485814,0.3094031604597964,0,0,9492,9493 days 00:00:00,1000.0,1644.7128904683038,64.47128904683038,404.63494194878916,100.0,197.97914711136508,70.15859834913344,6532 days 00:00:00,57,0,0.0,123.58913043478262,-36.41782016523478,22.68263733572507,-9.599392868445504,191 days 20:43:38.181818182,36 days 21:56:34.285714285,11.310752464356227,0.21625659396127225,0.02753086898382274,1.043369379822519,-0.5624146354073815,24.158789697035466,1.0763136575065626,0.37659512761020886,-0.02424025491682648,None,None,0.0001797952464106353,0.0453084020954801,0.6447128904683059,0.013295936089384286,0.25214801252448305,-0.8406680136512039,96 days 17:15:47.368421051
Least Avg Losing Trade Duration,CCL,false,34,61,false,65,38.46153846153847,1.054433274475329,0.0068478718921196795,2.4527350383024284,1.129459862913257,0.14380530973451328,0.28761061946902655,0.35271632187977403,0.2854707416867741,0,0,9492,9493 days 00:00:00,1000.0,1446.3820545878375,44.63820545878375,404.63494194878916,100.0,252.85096683103643,76.51294206553084,6532 days 00:00:00,65,0,0.0,117.43116883116885,-36.41782016523478,21.77261951104812,-9.622192757163631,171 days 16:19:12,29 days 07:12:00,6.867416224428254,0.20043292658018602,0.01867853179077932,1.0404696462314929,-0.6166715868854931,24.556737907143187,1.0748152462041893,0.372217403873952,-0.024390243902439025,None,None,0.00016719333451382029,0.04213272029748271,0.4463820545878219,0.009845311055201256,0.25298606168312676,-0.8896827712312764,84 days 01:28:36.923076924
Median Avg Losing Trade [%],CCL,false,46,70,false,56,39.285714285714285,1.0705829111030398,0.0058997050147492625,2.7161241987506557,1.10065817595348,0.12389380530973451,0.24778761061946902,0.33651096267707237,0.28178990137142,0,0,9492,9493 days 00:00:00,1000.0,1410.4551826376842,41.045518263768415,404.63494194878916,100.0,177.00705183570705,74.27725449216483,6532 days 00:00:00,56,0,0.0,132.7104347826087,-37.45912207788915,22.063648673742087,-9.802862226243798,191 days 14:10:54.545454546,38 days 14:07:03.529411764,7.329556832815811,0.19710735796463427,0.017920743483374458,1.0393604695110694,-0.5579727797238105,23.86707225969547,1.0802454551995193,0.3757971014492754,-0.024390243902438942,None,None,0.00016436039391641384,0.04141881926693629,0.41045518263768477,0.009171258543996919,0.2528954637646383,-0.8985616069979365,98 days 16:42:51.428571428
Mean Max Drawdown [%],CCL,false,39,73,false,60,38.333333333333336,1.0736917093602307,0.006321112515802781,2.5921633189625224,1.0981719715626823,0.13274336283185842,0.26548672566371684,0.3440924759684765,0.2936544595033448,0,0,9492,9493 days 00:00:00,1000.0,1503.5990799176816,50.35990799176816,404.63494194878916,100.0,211.28733755828648,71.76196236179746,6532 days 00:00:00,60,0,0.0,123.58913043478266,-36.41782016523478,22.13588487363083,-9.55663656637183,187 days 04:10:26.086956520,32 days 20:45:24.324324324,8.393317998628007,0.20584394468639391,0.022025089274886094,1.0413815407061577,-0.5940243460879236,24.166119841278817,1.0741998675078195,0.377593963140328,-0.024287387676273555,None,None,0.00017262302975282323,0.04350100349771145,0.5035990799176897,0.010885868520875697,0.25433570996361554,-0.8755423648060978,92 days 00:24:00
Least Avg Winning Trade Duration,CCL,false,29,69,false,65,38.46153846153847,1.044092433009282,0.0068478718921196795,2.3498043887146602,1.0820613320660621,0.14380530973451328,0.28761061946902655,0.3379143479346303,0.27206816993483207,0,0,9492,9493 days 00:00:00,1000.0,1345.3259917533965,34.53259917533965,404.63494194878916,100.0,237.224318334592,77.9838344230155,6532 days 00:00:00,65,0,0.0,118.37695652173915,-36.41782016523479,21.756138473472202,-9.779154414258809,169 days 19:12:00,30 days 19:12:00,5.312707565436867,0.19115722258609852,0.014709171117106375,1.0385398147086804,-0.6226543476608687,24.664889542528236,1.072742017052832,0.3734085648148148,-0.024348101955506792,None,None,0.00015926454360699996,0.04013466498896399,0.3453259917533924,0.007905557109478822,0.2526824576003693,-0.9146573970872982,84 days 06:16:36.923076924
Median Avg Winning Trade [%],CCL,false,55,63,false,55,38.18181818181819,1.0809259467434464,0.005794353139485883,2.787581334845979,1.0782687056873377,0.12168141592920353,0.24336283185840707,0.3391968438418779,0.29839346365835784,0,0,9492,9493 days 00:00:00,1000.0,1539.6956434130987,53.96956434130986,404.63494194878916,100.0,202.37608204842422,75.83564634300501,6532 days 00:00:00,55,0,0.0,124.02347826086957,-37.459122077889155,22.703333686147108,-9.513324529192959,200 days 10:17:08.571428570,39 days 14:07:03.529411764,9.812648062056269,0.2085534741987246,0.022064315306999177,1.0415393865910827,-0.5468076971071962,23.523957140093966,1.0831209974185256,0.3781939605110336,-0.024495347488319913,None,None,0.00017458741031824919,0.0439960274001988,0.5396956434131102,0.011522675990590425,0.25388801301835806,-0.8666215920914208,100 days 23:59:59.999999999
Least Avg Losing Trade [%],CCL,false,60,89,false,41,39.02439024390244,1.0205032171259314,0.004319426885798567,3.6177992740438993,1.0662145585688414,0.09070796460176991,0.18141592920353983,0.3281632084862829,0.24266222157776757,0,0,9492,9493 days 00:00:00,1000.0,1121.7560553308622,12.175605533086218,404.63494194878916,100.0,135.26535499925478,85.71998510268655,6723 days 00:00:00,41,0,0.0,123.75968586387434,-39.508773188369695,28.888109193836627,-12.555199074623449,276 days 18:00:00,46 days 16:19:12,2.9696598861186203,0.1693974592795923,0.0051649894276646815,1.033571744231274,-0.4827087511239806,23.098724378395435,1.075500027770705,0.37979651162790695,-0.024608369471282907,None,None,0.0001426154363470325,0.03593908995945219,0.12175605533086453,0.0030546540509204245,0.2553326457517604,-0.9699096536882196,136 days 11:07:19.024390244
Least Total Return [%],CCL,false,61,87,false,41,39.02439024390244,1.0141363390501488,0.004319426885798567,3.5409288658297395,1.043559805733576,0.09070796460176991,0.18141592920353983,0.3211904502190693,0.23624945911364628,0,0,9492,9493 days 00:00:00,1000.0,1083.096797755537,8.309679775553706,404.63494194878916,100.0,133.20834322192567,86.51880191405277,6723 days 00:00:00,41,0,0.0,123.75968586387434,-40.41132146875318,28.65128989623103,-12.529702193627088,276 days 10:30:00,46 days 15:21:36,2.026751164769223,0.16495608834627404,0.003552882780977874,1.032701219459235,-0.48331267933981414,23.13624903189252,1.0754500625798242,0.3789947704822778,-0.02460836947128293,None,None,0.0001388237213584321,0.03498357778232489,0.08309679775553991,0.002121253793937017,0.25523606191437853,-0.9794637612472791,136 days 07:36:35.121951219
Least Total Fees Paid,CCL,false,61,87,false,41,39.02439024390244,1.0141363390501488,0.004319426885798567,3.5409288658297395,1.043559805733576,0.09070796460176991,0.18141592920353983,0.3211904502190693,0.23624945911364628,0,0,9492,9493 days 00:00:00,1000.0,1083.096797755537,8.309679775553706,404.63494194878916,100.0,133.20834322192567,86.51880191405277,6723 days 00:00:00,41,0,0.0,123.75968586387434,-40.41132146875318,28.65128989623103,-12.529702193627088,276 days 10:30:00,46 days 15:21:36,2.026751164769223,0.16495608834627404,0.003552882780977874,1.032701219459235,-0.48331267933981414,23.13624903189252,1.0754500625798242,0.3789947704822778,-0.02460836947128293,None,None,0.0001388237213584321,0.03498357778232489,0.08309679775553991,0.002121253793937017,0.25523606191437853,-0.9794637612472791,136 days 07:36:35.121951219
Most Max Drawdown [%],CCL,false,61,87,false,41,39.02439024390244,1.0141363390501488,0.004319426885798567,3.5409288658297395,1.043559805733576,0.09070796460176991,0.18141592920353983,0.3211904502190693,0.23624945911364628,0,0,9492,9493 days 00:00:00,1000.0,1083.096797755537,8.309679775553706,404.63494194878916,100.0,133.20834322192567,86.51880191405277,6723 days 00:00:00,41,0,0.0,123.75968586387434,-40.41132146875318,28.65128989623103,-12.529702193627088,276 days 10:30:00,46 days 15:21:36,2.026751164769223,0.16495608834627404,0.003552882780977874,1.032701219459235,-0.48331267933981414,23.13624903189252,1.0754500625798242,0.3789947704822778,-0.02460836947128293,None,None,0.0001388237213584321,0.03498357778232489,0.08309679775553991,0.002121253793937017,0.25523606191437853,-0.9794637612472791,136 days 07:36:35.121951219
Least Profit Factor,CCL,false,61,87,false,41,39.02439024390244,1.0141363390501488,0.004319426885798567,3.5409288658297395,1.043559805733576,0.09070796460176991,0.18141592920353983,0.3211904502190693,0.23624945911364628,0,0,9492,9493 days 00:00:00,1000.0,1083.096797755537,8.309679775553706,404.63494194878916,100.0,133.20834322192567,86.51880191405277,6723 days 00:00:00,41,0,0.0,123.75968586387434,-40.41132146875318,28.65128989623103,-12.529702193627088,276 days 10:30:00,46 days 15:21:36,2.026751164769223,0.16495608834627404,0.003552882780977874,1.032701219459235,-0.48331267933981414,23.13624903189252,1.0754500625798242,0.3789947704822778,-0.02460836947128293,None,None,0.0001388237213584321,0.03498357778232489,0.08309679775553991,0.002121253793937017,0.25523606191437853,-0.9794637612472791,136 days 07:36:35.121951219
Least Expectancy,CCL,false,61,87,false,41,39.02439024390244,1.0141363390501488,0.004319426885798567,3.5409288658297395,1.043559805733576,0.09070796460176991,0.18141592920353983,0.3211904502190693,0.23624945911364628,0,0,9492,9493 days 00:00:00,1000.0,1083.096797755537,8.309679775553706,404.63494194878916,100.0,133.20834322192567,86.51880191405277,6723 days 00:00:00,41,0,0.0,123.75968586387434,-40.41132146875318,28.65128989623103,-12.529702193627088,276 days 10:30:00,46 days 15:21:36,2.026751164769223,0.16495608834627404,0.003552882780977874,1.032701219459235,-0.48331267933981414,23.13624903189252,1.0754500625798242,0.3789947704822778,-0.02460836947128293,None,None,0.0001388237213584321,0.03498357778232489,0.08309679775553991,0.002121253793937017,0.25523606191437853,-0.9794637612472791,136 days 07:36:35.121951219
Least Sharpe Ratio,CCL,false,61,87,false,41,39.02439024390244,1.0141363390501488,0.004319426885798567,3.5409288658297395,1.043559805733576,0.09070796460176991,0.18141592920353983,0.3211904502190693,0.23624945911364628,0,0,9492,9493 days 00:00:00,1000.0,1083.096797755537,8.309679775553706,404.63494194878916,100.0,133.20834322192567,86.51880191405277,6723 days 00:00:00,41,0,0.0,123.75968586387434,-40.41132146875318,28.65128989623103,-12.529702193627088,276 days 10:30:00,46 days 15:21:36,2.026751164769223,0.16495608834627404,0.003552882780977874,1.032701219459235,-0.48331267933981414,23.13624903189252,1.0754500625798242,0.3789947704822778,-0.02460836947128293,None,None,0.0001388237213584321,0.03498357778232489,0.08309679775553991,0.002121253793937017,0.25523606191437853,-0.9794637612472791,136 days 07:36:35.121951219
Least Calmar Ratio,CCL,false,61,87,false,41,39.02439024390244,1.0141363390501488,0.004319426885798567,3.5409288658297395,1.043559805733576,0.09070796460176991,0.18141592920353983,0.3211904502190693,0.23624945911364628,0,0,9492,9493 days 00:00:00,1000.0,1083.096797755537,8.309679775553706,404.63494194878916,100.0,133.20834322192567,86.51880191405277,6723 days 00:00:00,41,0,0.0,123.75968586387434,-40.41132146875318,28.65128989623103,-12.529702193627088,276 days 10:30:00,46 days 15:21:36,2.026751164769223,0.16495608834627404,0.003552882780977874,1.032701219459235,-0.48331267933981414,23.13624903189252,1.0754500625798242,0.3789947704822778,-0.02460836947128293,None,None,0.0001388237213584321,0.03498357778232489,0.08309679775553991,0.002121253793937017,0.25523606191437853,-0.9794637612472791,136 days 07:36:35.121951219
Least Omega Ratio,CCL,false,61,87,false,41,39.02439024390244,1.0141363390501488,0.004319426885798567,3.5409288658297395,1.043559805733576,0.09070796460176991,0.18141592920353983,0.3211904502190693,0.23624945911364628,0,0,9492,9493 days 00:00:00,1000.0,1083.096797755537,8.309679775553706,404.63494194878916,100.0,133.20834322192567,86.51880191405277,6723 days 00:00:00,41,0,0.0,123.75968586387434,-40.41132146875318,28.65128989623103,-12.529702193627088,276 days 10:30:00,46 days 15:21:36,2.026751164769223,0.16495608834627404,0.003552882780977874,1.032701219459235,-0.48331267933981414,23.13624903189252,1.0754500625798242,0.3789947704822778,-0.02460836947128293,None,None,0.0001388237213584321,0.03498357778232489,0.08309679775553991,0.002121253793937017,0.25523606191437853,-0.9794637612472791,136 days 07:36:35.121951219
Least Sortino Ratio,CCL,false,61,87,false,41,39.02439024390244,1.0141363390501488,0.004319426885798567,3.5409288658297395,1.043559805733576,0.09070796460176991,0.18141592920353983,0.3211904502190693,0.23624945911364628,0,0,9492,9493 days 00:00:00,1000.0,1083.096797755537,8.309679775553706,404.63494194878916,100.0,133.20834322192567,86.51880191405277,6723 days 00:00:00,41,0,0.0,123.75968586387434,-40.41132146875318,28.65128989623103,-12.529702193627088,276 days 10:30:00,46 days 15:21:36,2.026751164769223,0.16495608834627404,0.003552882780977874,1.032701219459235,-0.48331267933981414,23.13624903189252,1.0754500625798242,0.3789947704822778,-0.02460836947128293,None,None,0.0001388237213584321,0.03498357778232489,0.08309679775553991,0.002121253793937017,0.25523606191437853,-0.9794637612472791,136 days 07:36:35.121951219
